1570
1540
2110
2105
1635
1770
1645
1860
1975
1655
1505
2260
2300
1730
1710
2320
2030
1960
2065
2185
1960
1960
1855
2355
1560
2000
1550
2455
2425
2255
2410
1500
1645
2370
2105
1785
1645
1605
1500
2475
1760
1505
2240
1915
2085
1805
1735
1970
2265
2305
1660
1730
2120
2370
1585
1530
1875
1640
1845
2155
1745
1755
2155
1895
1980
2115
1530
2480
2220
1885
2455
1835
2240
1550
2250
1830
1855
1840
2305
1625
1995
1820
1855
1615
2045
2295
1650
1775
1790
1995
2430
2390
1605
2090
1785
2440
1710
2170
2425
2435
